3
42
734
99
169
420
29
234
32
2
98
23
681
13
30
26
83
74
156
109
1939
195
191
17
31
186
546
96
410
118
155
82
121
149
383
89
184
303
246
166
14
35
1000
66
1801
44
1427
25
743
250
22
2640
3785
9570
39
123
10995
6013
728
87
301
24
86
28722
9
457
612
143
198
43
8
81
6
209
7
90
395
1584
69
50
88
23337
55
524
56
860
20
4
130
19
276
61
40
79
3760
254
11059
3062
45
129
197
168
23415
52
6290
5981
140
1559
36
48
137
71
11
1527
1
64
8923
93
514
92
38
20993
131
34
3323
3582
488
1984
10
144
141
5
97
479
352
57
53
12
274
70
5053
3792
1062
1932
68
1131
46
4779
51
114
25604
60
135
33
13835
902
134
31173
15
508
59
562
21
1332
473
320
838
126
6224
605
9651
36571
2410
24169
9087
13488
5300
85118
63887
20212
9570
10995
28722
6073
18621
16534
90
1584
13015
69269
1527
20993
72207
14620
41145
4779
25604
13835
31173
4166
19621
43598